%% Comparing to GT
% % Best using MSE
p = [0.00542767432046846,	0.406509811384502,	0.500000000000000,	4.48796062636850,	0.00480323418050043,	0.000104733132703769,	0.0934117134735254,	0.00934850839462120,	0.0977611506438287,	0.0265190704919319,	0.0352422437487089]; % BEST

% % Best using RMSE
% p = [0.00867171835016086,	0.394605478835008,	0.499442578412629,	5.95546142920697,	0.00428850132999850,	0.000913071382032137,	0.0997867581817115,	0.00703582396230473,	0.0961175442588771,	0.0386044391603998,	0.0224839553944235];

%% Comparing to CGM
% Best using MSE
% p = [0.000578324341796404,	0.351851754093462,	0.499830984612673,	4.89081147619416,	0.00556155800177371,	0.000999997810262569,	0.0215308264722403,	0.00549042285162185,	0.0999985648059755,	0.0304741797012403,	0.0263092372141965]; % BEST

% Best using logMSE
% p = [0.00146357466634368,	0.218798034701857,	0.332790084881620,	4.46551510843811,	0.00539047403268261,	0.000107668440747057,	0.0203292704426594,	0.00580387922110643,	0.100000000000000,	0.0290688859079165,	0.0319965142022406];


params = params.set_params({'kp2','k1','k2','kp1','ki','ke1','kmax','kmin','kabs','kp3','Vmx'}, p);
